
(0/12) id=5 

Graph Display(N=18)
vertex(degree) : list of neighbords in clockwise order

1 (5) : 2 3 4 5 6 
2 (5) : 1 6 7 8 3 
3 (5) : 1 2 8 9 4 
4 (5) : 1 3 9 10 5 
5 (6) : 1 4 10 11 12 6 
6 (6) : 1 5 12 13 7 2 
7 (5) : 2 6 13 14 8 
8 (6) : 2 7 14 15 9 3 
9 (6) : 3 8 15 16 10 4 
10 (5) : 4 9 16 11 5 
11 (5) : 5 10 16 17 12 
12 (6) : 5 11 17 18 13 6 
13 (5) : 6 12 18 14 7 
14 (5) : 7 13 18 15 8 
15 (6) : 8 14 18 17 16 9 
16 (5) : 9 15 17 11 10 
17 (5) : 11 16 15 18 12 
18 (5) : 12 17 15 14 13 

(1/12) id=6 

Graph Display(N=18)
vertex(degree) : list of neighbords in clockwise order

1 (5) : 2 3 4 5 6 
2 (6) : 1 6 7 8 9 3 
3 (6) : 1 2 9 10 11 4 
4 (5) : 1 3 11 12 5 
5 (6) : 1 4 12 13 14 6 
6 (5) : 1 5 14 7 2 
7 (5) : 2 6 14 15 8 
8 (5) : 2 7 15 16 9 
9 (5) : 2 8 16 10 3 
10 (5) : 3 9 16 17 11 
11 (5) : 3 10 17 12 4 
12 (5) : 4 11 17 13 5 
13 (5) : 5 12 17 18 14 
14 (6) : 5 13 18 15 7 6 
15 (5) : 7 14 18 16 8 
16 (6) : 8 15 18 17 10 9 
17 (6) : 10 16 18 13 12 11 
18 (5) : 13 17 16 15 14 

(2/12) id=7 

Graph Display(N=18)
vertex(degree) : list of neighbords in clockwise order

1 (5) : 2 3 4 5 6 
2 (5) : 1 6 7 8 3 
3 (5) : 1 2 8 9 4 
4 (6) : 1 3 9 10 11 5 
5 (7) : 1 4 11 12 13 14 6 
6 (5) : 1 5 14 7 2 
7 (5) : 2 6 14 15 8 
8 (6) : 2 7 15 16 9 3 
9 (5) : 3 8 16 10 4 
10 (5) : 4 9 16 17 11 
11 (5) : 4 10 17 12 5 
12 (5) : 5 11 17 18 13 
13 (5) : 5 12 18 15 14 
14 (5) : 5 13 15 7 6 
15 (6) : 7 14 13 18 16 8 
16 (6) : 8 15 18 17 10 9 
17 (5) : 10 16 18 12 11 
18 (5) : 12 17 16 15 13 

(3/12) id=8 

Graph Display(N=18)
vertex(degree) : list of neighbords in clockwise order

1 (5) : 2 3 4 5 6 
2 (6) : 1 6 7 8 9 3 
3 (5) : 1 2 9 10 4 
4 (6) : 1 3 10 11 12 5 
5 (6) : 1 4 12 13 14 6 
6 (5) : 1 5 14 7 2 
7 (5) : 2 6 14 15 8 
8 (5) : 2 7 15 16 9 
9 (5) : 2 8 16 10 3 
10 (5) : 3 9 16 11 4 
11 (5) : 4 10 16 17 12 
12 (5) : 4 11 17 13 5 
13 (5) : 5 12 17 18 14 
14 (6) : 5 13 18 15 7 6 
15 (5) : 7 14 18 16 8 
16 (7) : 8 15 18 17 11 10 9 
17 (5) : 11 16 18 13 12 
18 (5) : 13 17 16 15 14 

(4/12) id=9 

Graph Display(N=18)
vertex(degree) : list of neighbords in clockwise order

1 (5) : 2 3 4 5 6 
2 (5) : 1 6 7 8 3 
3 (5) : 1 2 8 9 4 
4 (7) : 1 3 9 10 11 12 5 
5 (5) : 1 4 12 13 6 
6 (5) : 1 5 13 7 2 
7 (5) : 2 6 13 14 8 
8 (6) : 2 7 14 15 9 3 
9 (5) : 3 8 15 10 4 
10 (5) : 4 9 15 16 11 
11 (5) : 4 10 16 17 12 
12 (5) : 4 11 17 13 5 
13 (7) : 5 12 17 18 14 7 6 
14 (5) : 7 13 18 15 8 
15 (6) : 8 14 18 16 10 9 
16 (5) : 10 15 18 17 11 
17 (5) : 11 16 18 13 12 
18 (5) : 13 17 16 15 14 

(5/12) id=10 

Graph Display(N=18)
vertex(degree) : list of neighbords in clockwise order

1 (5) : 2 3 4 5 6 
2 (5) : 1 6 7 8 3 
3 (7) : 1 2 8 9 10 11 4 
4 (5) : 1 3 11 12 5 
5 (5) : 1 4 12 13 6 
6 (6) : 1 5 13 14 7 2 
7 (5) : 2 6 14 15 8 
8 (5) : 2 7 15 9 3 
9 (5) : 3 8 15 16 10 
10 (5) : 3 9 16 17 11 
11 (6) : 3 10 17 18 12 4 
12 (5) : 4 11 18 13 5 
13 (5) : 5 12 18 14 6 
14 (7) : 6 13 18 17 16 15 7 
15 (5) : 7 14 16 9 8 
16 (5) : 9 15 14 17 10 
17 (5) : 10 16 14 18 11 
18 (5) : 11 17 14 13 12 

(6/12) id=11 

Graph Display(N=18)
vertex(degree) : list of neighbords in clockwise order

1 (6) : 2 3 4 5 6 7 
2 (5) : 1 7 8 9 3 
3 (5) : 1 2 9 10 4 
4 (6) : 1 3 10 11 12 5 
5 (5) : 1 4 12 13 6 
6 (5) : 1 5 13 14 7 
7 (5) : 1 6 14 8 2 
8 (6) : 2 7 14 15 16 9 
9 (5) : 2 8 16 10 3 
10 (5) : 3 9 16 11 4 
11 (5) : 4 10 16 17 12 
12 (6) : 4 11 17 18 13 5 
13 (5) : 5 12 18 14 6 
14 (6) : 6 13 18 15 8 7 
15 (5) : 8 14 18 17 16 
16 (6) : 8 15 17 11 10 9 
17 (5) : 11 16 15 18 12 
18 (5) : 12 17 15 14 13 

(7/12) id=12 

Graph Display(N=18)
vertex(degree) : list of neighbords in clockwise order

1 (6) : 2 3 4 5 6 7 
2 (6) : 1 7 8 9 10 3 
3 (5) : 1 2 10 11 4 
4 (6) : 1 3 11 12 13 5 
5 (5) : 1 4 13 14 6 
6 (5) : 1 5 14 15 7 
7 (5) : 1 6 15 8 2 
8 (6) : 2 7 15 16 17 9 
9 (5) : 2 8 17 18 10 
10 (5) : 2 9 18 11 3 
11 (5) : 3 10 18 12 4 
12 (5) : 4 11 18 17 13 
13 (6) : 4 12 17 16 14 5 
14 (5) : 5 13 16 15 6 
15 (5) : 6 14 16 8 7 
16 (5) : 8 15 14 13 17 
17 (6) : 8 16 13 12 18 9 
18 (5) : 9 17 12 11 10 

(8/12) id=13 

Graph Display(N=18)
vertex(degree) : list of neighbords in clockwise order

1 (6) : 2 3 4 5 6 7 
2 (5) : 1 7 8 9 3 
3 (5) : 1 2 9 10 4 
4 (6) : 1 3 10 11 12 5 
5 (5) : 1 4 12 13 6 
6 (5) : 1 5 13 14 7 
7 (6) : 1 6 14 15 8 2 
8 (6) : 2 7 15 16 17 9 
9 (5) : 2 8 17 10 3 
10 (5) : 3 9 17 11 4 
11 (5) : 4 10 17 16 12 
12 (6) : 4 11 16 18 13 5 
13 (5) : 5 12 18 14 6 
14 (5) : 6 13 18 15 7 
15 (5) : 7 14 18 16 8 
16 (6) : 8 15 18 12 11 17 
17 (5) : 8 16 11 10 9 
18 (5) : 12 16 15 14 13 

(9/12) id=14 

Graph Display(N=18)
vertex(degree) : list of neighbords in clockwise order

1 (6) : 2 3 4 5 6 7 
2 (5) : 1 7 8 9 3 
3 (5) : 1 2 9 10 4 
4 (6) : 1 3 10 11 12 5 
5 (5) : 1 4 12 13 6 
6 (5) : 1 5 13 14 7 
7 (6) : 1 6 14 15 8 2 
8 (5) : 2 7 15 16 9 
9 (5) : 2 8 16 10 3 
10 (5) : 3 9 16 11 4 
11 (5) : 4 10 16 17 12 
12 (6) : 4 11 17 18 13 5 
13 (5) : 5 12 18 14 6 
14 (5) : 6 13 18 15 7 
15 (6) : 7 14 18 17 16 8 
16 (6) : 8 15 17 11 10 9 
17 (5) : 11 16 15 18 12 
18 (5) : 12 17 15 14 13 

(10/12) id=15 

Graph Display(N=18)
vertex(degree) : list of neighbords in clockwise order

1 (5) : 2 3 4 5 6 
2 (5) : 1 6 7 8 3 
3 (5) : 1 2 8 9 4 
4 (8) : 1 3 9 10 11 12 13 5 
5 (5) : 1 4 13 14 6 
6 (5) : 1 5 14 7 2 
7 (8) : 2 6 14 15 16 17 18 8 
8 (5) : 2 7 18 9 3 
9 (5) : 3 8 18 10 4 
10 (5) : 4 9 18 17 11 
11 (5) : 4 10 17 16 12 
12 (5) : 4 11 16 15 13 
13 (5) : 4 12 15 14 5 
14 (5) : 5 13 15 7 6 
15 (5) : 7 14 13 12 16 
16 (5) : 7 15 12 11 17 
17 (5) : 7 16 11 10 18 
18 (5) : 7 17 10 9 8 

(11/12) id=16 

Graph Display(N=18)
vertex(degree) : list of neighbords in clockwise order

1 (5) : 2 3 4 5 6 
2 (7) : 1 6 7 8 9 10 3 
3 (5) : 1 2 10 11 4 
4 (5) : 1 3 11 12 5 
5 (5) : 1 4 12 13 6 
6 (6) : 1 5 13 14 7 2 
7 (5) : 2 6 14 15 8 
8 (5) : 2 7 15 16 9 
9 (5) : 2 8 16 17 10 
10 (5) : 2 9 17 11 3 
11 (5) : 3 10 17 12 4 
12 (5) : 4 11 17 13 5 
13 (6) : 5 12 17 18 14 6 
14 (5) : 6 13 18 15 7 
15 (5) : 7 14 18 16 8 
16 (5) : 8 15 18 17 9 
17 (7) : 9 16 18 13 12 11 10 
18 (5) : 13 17 16 15 14 
