
(0/23) id=17 

Graph Display(N=19)
vertex(degree) : list of neighbords in clockwise order

1 (5) : 2 3 4 5 6 
2 (5) : 1 6 7 8 3 
3 (5) : 1 2 8 9 4 
4 (6) : 1 3 9 10 11 5 
5 (7) : 1 4 11 12 13 14 6 
6 (5) : 1 5 14 7 2 
7 (5) : 2 6 14 15 8 
8 (7) : 2 7 15 16 17 9 3 
9 (5) : 3 8 17 10 4 
10 (5) : 4 9 17 18 11 
11 (5) : 4 10 18 12 5 
12 (5) : 5 11 18 19 13 
13 (6) : 5 12 19 16 15 14 
14 (5) : 5 13 15 7 6 
15 (5) : 7 14 13 16 8 
16 (5) : 8 15 13 19 17 
17 (6) : 8 16 19 18 10 9 
18 (5) : 10 17 19 12 11 
19 (5) : 12 18 17 16 13 

(1/23) id=18 

Graph Display(N=19)
vertex(degree) : list of neighbords in clockwise order

1 (5) : 2 3 4 5 6 
2 (5) : 1 6 7 8 3 
3 (5) : 1 2 8 9 4 
4 (6) : 1 3 9 10 11 5 
5 (6) : 1 4 11 12 13 6 
6 (5) : 1 5 13 7 2 
7 (5) : 2 6 13 14 8 
8 (6) : 2 7 14 15 9 3 
9 (5) : 3 8 15 10 4 
10 (5) : 4 9 15 16 11 
11 (6) : 4 10 16 17 12 5 
12 (5) : 5 11 17 18 13 
13 (6) : 5 12 18 14 7 6 
14 (6) : 7 13 18 19 15 8 
15 (6) : 8 14 19 16 10 9 
16 (5) : 10 15 19 17 11 
17 (5) : 11 16 19 18 12 
18 (5) : 12 17 19 14 13 
19 (5) : 14 18 17 16 15 

(2/23) id=19 

Graph Display(N=19)
vertex(degree) : list of neighbords in clockwise order

1 (5) : 2 3 4 5 6 
2 (5) : 1 6 7 8 3 
3 (5) : 1 2 8 9 4 
4 (6) : 1 3 9 10 11 5 
5 (5) : 1 4 11 12 6 
6 (6) : 1 5 12 13 7 2 
7 (5) : 2 6 13 14 8 
8 (6) : 2 7 14 15 9 3 
9 (5) : 3 8 15 10 4 
10 (5) : 4 9 15 16 11 
11 (6) : 4 10 16 17 12 5 
12 (6) : 5 11 17 18 13 6 
13 (5) : 6 12 18 14 7 
14 (6) : 7 13 18 19 15 8 
15 (6) : 8 14 19 16 10 9 
16 (5) : 10 15 19 17 11 
17 (5) : 11 16 19 18 12 
18 (5) : 12 17 19 14 13 
19 (5) : 14 18 17 16 15 

(3/23) id=20 

Graph Display(N=19)
vertex(degree) : list of neighbords in clockwise order

1 (5) : 2 3 4 5 6 
2 (5) : 1 6 7 8 3 
3 (5) : 1 2 8 9 4 
4 (6) : 1 3 9 10 11 5 
5 (6) : 1 4 11 12 13 6 
6 (6) : 1 5 13 14 7 2 
7 (5) : 2 6 14 15 8 
8 (6) : 2 7 15 16 9 3 
9 (5) : 3 8 16 10 4 
10 (5) : 4 9 16 17 11 
11 (5) : 4 10 17 12 5 
12 (6) : 5 11 17 18 19 13 
13 (5) : 5 12 19 14 6 
14 (5) : 6 13 19 15 7 
15 (6) : 7 14 19 18 16 8 
16 (6) : 8 15 18 17 10 9 
17 (5) : 10 16 18 12 11 
18 (5) : 12 17 16 15 19 
19 (5) : 12 18 15 14 13 

(4/23) id=21 

Graph Display(N=19)
vertex(degree) : list of neighbords in clockwise order

1 (5) : 2 3 4 5 6 
2 (5) : 1 6 7 8 3 
3 (5) : 1 2 8 9 4 
4 (7) : 1 3 9 10 11 12 5 
5 (5) : 1 4 12 13 6 
6 (5) : 1 5 13 7 2 
7 (5) : 2 6 13 14 8 
8 (6) : 2 7 14 15 9 3 
9 (5) : 3 8 15 10 4 
10 (5) : 4 9 15 16 11 
11 (5) : 4 10 16 17 12 
12 (6) : 4 11 17 18 13 5 
13 (6) : 5 12 18 14 7 6 
14 (6) : 7 13 18 19 15 8 
15 (6) : 8 14 19 16 10 9 
16 (5) : 10 15 19 17 11 
17 (5) : 11 16 19 18 12 
18 (5) : 12 17 19 14 13 
19 (5) : 14 18 17 16 15 

(5/23) id=22 

Graph Display(N=19)
vertex(degree) : list of neighbords in clockwise order

1 (5) : 2 3 4 5 6 
2 (6) : 1 6 7 8 9 3 
3 (5) : 1 2 9 10 4 
4 (6) : 1 3 10 11 12 5 
5 (7) : 1 4 12 13 14 15 6 
6 (5) : 1 5 15 7 2 
7 (5) : 2 6 15 16 8 
8 (5) : 2 7 16 17 9 
9 (5) : 2 8 17 10 3 
10 (5) : 3 9 17 11 4 
11 (5) : 4 10 17 18 12 
12 (5) : 4 11 18 13 5 
13 (5) : 5 12 18 19 14 
14 (5) : 5 13 19 16 15 
15 (5) : 5 14 16 7 6 
16 (6) : 7 15 14 19 17 8 
17 (7) : 8 16 19 18 11 10 9 
18 (5) : 11 17 19 13 12 
19 (5) : 13 18 17 16 14 

(6/23) id=23 

Graph Display(N=19)
vertex(degree) : list of neighbords in clockwise order

1 (5) : 2 3 4 5 6 
2 (6) : 1 6 7 8 9 3 
3 (5) : 1 2 9 10 4 
4 (6) : 1 3 10 11 12 5 
5 (6) : 1 4 12 13 14 6 
6 (5) : 1 5 14 7 2 
7 (5) : 2 6 14 15 8 
8 (5) : 2 7 15 16 9 
9 (6) : 2 8 16 17 10 3 
10 (5) : 3 9 17 11 4 
11 (5) : 4 10 17 18 12 
12 (5) : 4 11 18 13 5 
13 (5) : 5 12 18 19 14 
14 (6) : 5 13 19 15 7 6 
15 (5) : 7 14 19 16 8 
16 (5) : 8 15 19 17 9 
17 (6) : 9 16 19 18 11 10 
18 (5) : 11 17 19 13 12 
19 (6) : 13 18 17 16 15 14 

(7/23) id=24 

Graph Display(N=19)
vertex(degree) : list of neighbords in clockwise order

1 (5) : 2 3 4 5 6 
2 (6) : 1 6 7 8 9 3 
3 (5) : 1 2 9 10 4 
4 (6) : 1 3 10 11 12 5 
5 (6) : 1 4 12 13 14 6 
6 (5) : 1 5 14 7 2 
7 (5) : 2 6 14 15 8 
8 (5) : 2 7 15 16 9 
9 (6) : 2 8 16 17 10 3 
10 (5) : 3 9 17 11 4 
11 (5) : 4 10 17 18 12 
12 (5) : 4 11 18 13 5 
13 (5) : 5 12 18 19 14 
14 (6) : 5 13 19 15 7 6 
15 (5) : 7 14 19 16 8 
16 (6) : 8 15 19 18 17 9 
17 (5) : 9 16 18 11 10 
18 (6) : 11 17 16 19 13 12 
19 (5) : 13 18 16 15 14 

(8/23) id=25 

Graph Display(N=19)
vertex(degree) : list of neighbords in clockwise order

1 (5) : 2 3 4 5 6 
2 (6) : 1 6 7 8 9 3 
3 (5) : 1 2 9 10 4 
4 (6) : 1 3 10 11 12 5 
5 (6) : 1 4 12 13 14 6 
6 (5) : 1 5 14 7 2 
7 (5) : 2 6 14 15 8 
8 (5) : 2 7 15 16 9 
9 (5) : 2 8 16 10 3 
10 (6) : 3 9 16 17 11 4 
11 (5) : 4 10 17 18 12 
12 (5) : 4 11 18 13 5 
13 (5) : 5 12 18 19 14 
14 (6) : 5 13 19 15 7 6 
15 (6) : 7 14 19 17 16 8 
16 (5) : 8 15 17 10 9 
17 (6) : 10 16 15 19 18 11 
18 (5) : 11 17 19 13 12 
19 (5) : 13 18 17 15 14 

(9/23) id=26 

Graph Display(N=19)
vertex(degree) : list of neighbords in clockwise order

1 (5) : 2 3 4 5 6 
2 (6) : 1 6 7 8 9 3 
3 (5) : 1 2 9 10 4 
4 (7) : 1 3 10 11 12 13 5 
5 (5) : 1 4 13 14 6 
6 (5) : 1 5 14 7 2 
7 (5) : 2 6 14 15 8 
8 (5) : 2 7 15 16 9 
9 (5) : 2 8 16 10 3 
10 (5) : 3 9 16 11 4 
11 (5) : 4 10 16 17 12 
12 (5) : 4 11 17 18 13 
13 (5) : 4 12 18 14 5 
14 (7) : 5 13 18 19 15 7 6 
15 (5) : 7 14 19 16 8 
16 (7) : 8 15 19 17 11 10 9 
17 (5) : 11 16 19 18 12 
18 (5) : 12 17 19 14 13 
19 (5) : 14 18 17 16 15 

(10/23) id=27 

Graph Display(N=19)
vertex(degree) : list of neighbords in clockwise order

1 (6) : 2 3 4 5 6 7 
2 (6) : 1 7 8 9 10 3 
3 (5) : 1 2 10 11 4 
4 (5) : 1 3 11 12 5 
5 (5) : 1 4 12 13 6 
6 (5) : 1 5 13 14 7 
7 (5) : 1 6 14 8 2 
8 (5) : 2 7 14 15 9 
9 (5) : 2 8 15 16 10 
10 (6) : 2 9 16 17 11 3 
11 (5) : 3 10 17 12 4 
12 (7) : 4 11 17 18 19 13 5 
13 (5) : 5 12 19 14 6 
14 (6) : 6 13 19 15 8 7 
15 (6) : 8 14 19 18 16 9 
16 (5) : 9 15 18 17 10 
17 (5) : 10 16 18 12 11 
18 (5) : 12 17 16 15 19 
19 (5) : 12 18 15 14 13 

(11/23) id=28 

Graph Display(N=19)
vertex(degree) : list of neighbords in clockwise order

1 (6) : 2 3 4 5 6 7 
2 (5) : 1 7 8 9 3 
3 (6) : 1 2 9 10 11 4 
4 (5) : 1 3 11 12 5 
5 (5) : 1 4 12 13 6 
6 (5) : 1 5 13 14 7 
7 (5) : 1 6 14 8 2 
8 (5) : 2 7 14 15 9 
9 (6) : 2 8 15 16 10 3 
10 (5) : 3 9 16 17 11 
11 (5) : 3 10 17 12 4 
12 (7) : 4 11 17 18 19 13 5 
13 (5) : 5 12 19 14 6 
14 (6) : 6 13 19 15 8 7 
15 (6) : 8 14 19 18 16 9 
16 (5) : 9 15 18 17 10 
17 (5) : 10 16 18 12 11 
18 (5) : 12 17 16 15 19 
19 (5) : 12 18 15 14 13 

(12/23) id=29 

Graph Display(N=19)
vertex(degree) : list of neighbords in clockwise order

1 (5) : 2 3 4 5 6 
2 (6) : 1 6 7 8 9 3 
3 (5) : 1 2 9 10 4 
4 (7) : 1 3 10 11 12 13 5 
5 (5) : 1 4 13 14 6 
6 (5) : 1 5 14 7 2 
7 (5) : 2 6 14 15 8 
8 (5) : 2 7 15 16 9 
9 (6) : 2 8 16 17 10 3 
10 (5) : 3 9 17 11 4 
11 (5) : 4 10 17 18 12 
12 (5) : 4 11 18 19 13 
13 (6) : 4 12 19 15 14 5 
14 (5) : 5 13 15 7 6 
15 (6) : 7 14 13 19 16 8 
16 (6) : 8 15 19 18 17 9 
17 (5) : 9 16 18 11 10 
18 (5) : 11 17 16 19 12 
19 (5) : 12 18 16 15 13 

(13/23) id=30 

Graph Display(N=19)
vertex(degree) : list of neighbords in clockwise order

1 (5) : 2 3 4 5 6 
2 (7) : 1 6 7 8 9 10 3 
3 (5) : 1 2 10 11 4 
4 (7) : 1 3 11 12 13 14 5 
5 (5) : 1 4 14 15 6 
6 (5) : 1 5 15 7 2 
7 (5) : 2 6 15 16 8 
8 (5) : 2 7 16 17 9 
9 (6) : 2 8 17 18 19 10 
10 (5) : 2 9 19 11 3 
11 (5) : 3 10 19 12 4 
12 (5) : 4 11 19 18 13 
13 (5) : 4 12 18 17 14 
14 (6) : 4 13 17 16 15 5 
15 (5) : 5 14 16 7 6 
16 (5) : 7 15 14 17 8 
17 (6) : 8 16 14 13 18 9 
18 (5) : 9 17 13 12 19 
19 (5) : 9 18 12 11 10 

(14/23) id=31 

Graph Display(N=19)
vertex(degree) : list of neighbords in clockwise order

1 (5) : 2 3 4 5 6 
2 (6) : 1 6 7 8 9 3 
3 (5) : 1 2 9 10 4 
4 (6) : 1 3 10 11 12 5 
5 (5) : 1 4 12 13 6 
6 (5) : 1 5 13 7 2 
7 (5) : 2 6 13 14 8 
8 (7) : 2 7 14 15 16 17 9 
9 (5) : 2 8 17 10 3 
10 (6) : 3 9 17 18 11 4 
11 (5) : 4 10 18 19 12 
12 (7) : 4 11 19 15 14 13 5 
13 (5) : 5 12 14 7 6 
14 (5) : 7 13 12 15 8 
15 (5) : 8 14 12 19 16 
16 (5) : 8 15 19 18 17 
17 (5) : 8 16 18 10 9 
18 (5) : 10 17 16 19 11 
19 (5) : 11 18 16 15 12 

(15/23) id=32 

Graph Display(N=19)
vertex(degree) : list of neighbords in clockwise order

1 (5) : 2 3 4 5 6 
2 (6) : 1 6 7 8 9 3 
3 (5) : 1 2 9 10 4 
4 (5) : 1 3 10 11 5 
5 (6) : 1 4 11 12 13 6 
6 (5) : 1 5 13 7 2 
7 (5) : 2 6 13 14 8 
8 (7) : 2 7 14 15 16 17 9 
9 (5) : 2 8 17 10 3 
10 (6) : 3 9 17 18 11 4 
11 (6) : 4 10 18 19 12 5 
12 (6) : 5 11 19 15 14 13 
13 (5) : 5 12 14 7 6 
14 (5) : 7 13 12 15 8 
15 (5) : 8 14 12 19 16 
16 (5) : 8 15 19 18 17 
17 (5) : 8 16 18 10 9 
18 (5) : 10 17 16 19 11 
19 (5) : 11 18 16 15 12 

(16/23) id=33 

Graph Display(N=19)
vertex(degree) : list of neighbords in clockwise order

1 (5) : 2 3 4 5 6 
2 (6) : 1 6 7 8 9 3 
3 (5) : 1 2 9 10 4 
4 (6) : 1 3 10 11 12 5 
5 (6) : 1 4 12 13 14 6 
6 (5) : 1 5 14 7 2 
7 (5) : 2 6 14 15 8 
8 (7) : 2 7 15 16 17 18 9 
9 (5) : 2 8 18 10 3 
10 (5) : 3 9 18 11 4 
11 (6) : 4 10 18 17 19 12 
12 (5) : 4 11 19 13 5 
13 (6) : 5 12 19 16 15 14 
14 (5) : 5 13 15 7 6 
15 (5) : 7 14 13 16 8 
16 (5) : 8 15 13 19 17 
17 (5) : 8 16 19 11 18 
18 (5) : 8 17 11 10 9 
19 (5) : 11 17 16 13 12 

(17/23) id=34 

Graph Display(N=19)
vertex(degree) : list of neighbords in clockwise order

1 (6) : 2 3 4 5 6 7 
2 (6) : 1 7 8 9 10 3 
3 (5) : 1 2 10 11 4 
4 (5) : 1 3 11 12 5 
5 (6) : 1 4 12 13 14 6 
6 (5) : 1 5 14 15 7 
7 (5) : 1 6 15 8 2 
8 (5) : 2 7 15 16 9 
9 (7) : 2 8 16 17 18 19 10 
10 (5) : 2 9 19 11 3 
11 (5) : 3 10 19 12 4 
12 (6) : 4 11 19 18 13 5 
13 (5) : 5 12 18 17 14 
14 (6) : 5 13 17 16 15 6 
15 (5) : 6 14 16 8 7 
16 (5) : 8 15 14 17 9 
17 (5) : 9 16 14 13 18 
18 (5) : 9 17 13 12 19 
19 (5) : 9 18 12 11 10 

(18/23) id=35 

Graph Display(N=19)
vertex(degree) : list of neighbords in clockwise order

1 (6) : 2 3 4 5 6 7 
2 (5) : 1 7 8 9 3 
3 (5) : 1 2 9 10 4 
4 (6) : 1 3 10 11 12 5 
5 (6) : 1 4 12 13 14 6 
6 (5) : 1 5 14 15 7 
7 (5) : 1 6 15 8 2 
8 (8) : 2 7 15 16 17 18 19 9 
9 (5) : 2 8 19 10 3 
10 (5) : 3 9 19 11 4 
11 (5) : 4 10 19 18 12 
12 (6) : 4 11 18 17 13 5 
13 (5) : 5 12 17 16 14 
14 (5) : 5 13 16 15 6 
15 (5) : 6 14 16 8 7 
16 (5) : 8 15 14 13 17 
17 (5) : 8 16 13 12 18 
18 (5) : 8 17 12 11 19 
19 (5) : 8 18 11 10 9 

(19/23) id=36 

Graph Display(N=19)
vertex(degree) : list of neighbords in clockwise order

1 (6) : 2 3 4 5 6 7 
2 (5) : 1 7 8 9 3 
3 (5) : 1 2 9 10 4 
4 (5) : 1 3 10 11 5 
5 (5) : 1 4 11 12 6 
6 (5) : 1 5 12 13 7 
7 (7) : 1 6 13 14 15 8 2 
8 (6) : 2 7 15 16 17 9 
9 (5) : 2 8 17 10 3 
10 (5) : 3 9 17 11 4 
11 (8) : 4 10 17 16 18 19 12 5 
12 (5) : 5 11 19 13 6 
13 (5) : 6 12 19 14 7 
14 (5) : 7 13 19 18 15 
15 (5) : 7 14 18 16 8 
16 (5) : 8 15 18 11 17 
17 (5) : 8 16 11 10 9 
18 (5) : 11 16 15 14 19 
19 (5) : 11 18 14 13 12 

(20/23) id=37 

Graph Display(N=19)
vertex(degree) : list of neighbords in clockwise order

1 (5) : 2 3 4 5 6 
2 (7) : 1 6 7 8 9 10 3 
3 (5) : 1 2 10 11 4 
4 (5) : 1 3 11 12 5 
5 (5) : 1 4 12 13 6 
6 (6) : 1 5 13 14 7 2 
7 (5) : 2 6 14 15 8 
8 (5) : 2 7 15 16 9 
9 (5) : 2 8 16 17 10 
10 (6) : 2 9 17 18 11 3 
11 (5) : 3 10 18 12 4 
12 (5) : 4 11 18 13 5 
13 (6) : 5 12 18 19 14 6 
14 (5) : 6 13 19 15 7 
15 (5) : 7 14 19 16 8 
16 (5) : 8 15 19 17 9 
17 (5) : 9 16 19 18 10 
18 (6) : 10 17 19 13 12 11 
19 (6) : 13 18 17 16 15 14 

(21/23) id=38 

Graph Display(N=19)
vertex(degree) : list of neighbords in clockwise order

1 (5) : 2 3 4 5 6 
2 (7) : 1 6 7 8 9 10 3 
3 (5) : 1 2 10 11 4 
4 (5) : 1 3 11 12 5 
5 (5) : 1 4 12 13 6 
6 (6) : 1 5 13 14 7 2 
7 (5) : 2 6 14 15 8 
8 (5) : 2 7 15 16 9 
9 (5) : 2 8 16 17 10 
10 (6) : 2 9 17 18 11 3 
11 (5) : 3 10 18 12 4 
12 (5) : 4 11 18 13 5 
13 (7) : 5 12 18 17 19 14 6 
14 (5) : 6 13 19 15 7 
15 (5) : 7 14 19 16 8 
16 (5) : 8 15 19 17 9 
17 (6) : 9 16 19 13 18 10 
18 (5) : 10 17 13 12 11 
19 (5) : 13 17 16 15 14 

(22/23) id=39 

Graph Display(N=19)
vertex(degree) : list of neighbords in clockwise order

1 (5) : 2 3 4 5 6 
2 (7) : 1 6 7 8 9 10 3 
3 (5) : 1 2 10 11 4 
4 (5) : 1 3 11 12 5 
5 (5) : 1 4 12 13 6 
6 (7) : 1 5 13 14 15 7 2 
7 (5) : 2 6 15 16 8 
8 (5) : 2 7 16 17 9 
9 (5) : 2 8 17 18 10 
10 (5) : 2 9 18 11 3 
11 (5) : 3 10 18 12 4 
12 (5) : 4 11 18 13 5 
13 (5) : 5 12 18 14 6 
14 (5) : 6 13 18 19 15 
15 (5) : 6 14 19 16 7 
16 (5) : 7 15 19 17 8 
17 (5) : 8 16 19 18 9 
18 (8) : 9 17 19 14 13 12 11 10 
19 (5) : 14 18 17 16 15 
