
---------------------------------------------------------------------------------------
	README.TXT
	Rolland Balzon Philippe
	24/06/2002
		By using PLANTRI, we looking for by order MPG5 graphs 
		such that we cannot use D and T^{-1}.
---------------------------------------------------------------------------------------


T^{-1} disable on following MPG5 with 17 vertices

ID=4 

Graph Display(N=17)
vertex(degree) : list of neighbords in clockwise order

1 (5) : 2 3 4 5 6 
2 (6) : 1 6 7 8 9 3 
3 (5) : 1 2 9 10 4 
4 (5) : 1 3 10 11 5 
5 (5) : 1 4 11 12 6 
6 (6) : 1 5 12 13 7 2 
7 (5) : 2 6 13 14 8 
8 (5) : 2 7 14 15 9 
9 (6) : 2 8 15 16 10 3 
10 (5) : 3 9 16 11 4 
11 (5) : 4 10 16 12 5 
12 (6) : 5 11 16 17 13 6 
13 (5) : 6 12 17 14 7 
14 (5) : 7 13 17 15 8 
15 (5) : 8 14 17 16 9 
16 (6) : 9 15 17 12 11 10 
17 (5) : 12 16 15 14 13 

D enable on all MPG5 with 17 vertices


---------------------------------------------------------------------------------------
---------------------------------------------------------------------------------------


T^{-1} disable on following MPG5 with 18 vertices

ID=15 

Graph Display(N=18)
vertex(degree) : list of neighbords in clockwise order

1 (5) : 2 3 4 5 6 
2 (5) : 1 6 7 8 3 
3 (5) : 1 2 8 9 4 
4 (8) : 1 3 9 10 11 12 13 5 
5 (5) : 1 4 13 14 6 
6 (5) : 1 5 14 7 2 
7 (8) : 2 6 14 15 16 17 18 8 
8 (5) : 2 7 18 9 3 
9 (5) : 3 8 18 10 4 
10 (5) : 4 9 18 17 11 
11 (5) : 4 10 17 16 12 
12 (5) : 4 11 16 15 13 
13 (5) : 4 12 15 14 5 
14 (5) : 5 13 15 7 6 
15 (5) : 7 14 13 12 16 
16 (5) : 7 15 12 11 17 
17 (5) : 7 16 11 10 18 
18 (5) : 7 17 10 9 8 

D disable on following MPG5 with 18 vertices

ID=15 

Graph Display(N=18)
vertex(degree) : list of neighbords in clockwise order

1 (5) : 2 3 4 5 6 
2 (5) : 1 6 7 8 3 
3 (5) : 1 2 8 9 4 
4 (8) : 1 3 9 10 11 12 13 5 
5 (5) : 1 4 13 14 6 
6 (5) : 1 5 14 7 2 
7 (8) : 2 6 14 15 16 17 18 8 
8 (5) : 2 7 18 9 3 
9 (5) : 3 8 18 10 4 
10 (5) : 4 9 18 17 11 
11 (5) : 4 10 17 16 12 
12 (5) : 4 11 16 15 13 
13 (5) : 4 12 15 14 5 
14 (5) : 5 13 15 7 6 
15 (5) : 7 14 13 12 16 
16 (5) : 7 15 12 11 17 
17 (5) : 7 16 11 10 18 
18 (5) : 7 17 10 9 8 

---------------------------------------------------------------------------------------
---------------------------------------------------------------------------------------


T^{-1} enable on all MPG5 with 19 vertices

D disable on following MPG5 with 19 vertices

ID=26 

Graph Display(N=19)
vertex(degree) : list of neighbords in clockwise order

1 (5) : 2 3 4 5 6 
2 (6) : 1 6 7 8 9 3 
3 (5) : 1 2 9 10 4 
4 (7) : 1 3 10 11 12 13 5 
5 (5) : 1 4 13 14 6 
6 (5) : 1 5 14 7 2 
7 (5) : 2 6 14 15 8 
8 (5) : 2 7 15 16 9 
9 (5) : 2 8 16 10 3 
10 (5) : 3 9 16 11 4 
11 (5) : 4 10 16 17 12 
12 (5) : 4 11 17 18 13 
13 (5) : 4 12 18 14 5 
14 (7) : 5 13 18 19 15 7 6 
15 (5) : 7 14 19 16 8 
16 (7) : 8 15 19 17 11 10 9 
17 (5) : 11 16 19 18 12 
18 (5) : 12 17 19 14 13 
19 (5) : 14 18 17 16 15 

---------------------------------------------------------------------------------------
---------------------------------------------------------------------------------------


T^{-1} disable on following MPG5 with 20 vertices

ID=99 

Graph Display(N=20)
vertex(degree) : list of neighbords in clockwise order

1 (5) : 2 3 4 5 6 
2 (5) : 1 6 7 8 3 
3 (5) : 1 2 8 9 4 
4 (9) : 1 3 9 10 11 12 13 14 5 
5 (5) : 1 4 14 15 6 
6 (5) : 1 5 15 7 2 
7 (9) : 2 6 15 16 17 18 19 20 8 
8 (5) : 2 7 20 9 3 
9 (5) : 3 8 20 10 4 
10 (5) : 4 9 20 19 11 
11 (5) : 4 10 19 18 12 
12 (5) : 4 11 18 17 13 
13 (5) : 4 12 17 16 14 
14 (5) : 4 13 16 15 5 
15 (5) : 5 14 16 7 6 
16 (5) : 7 15 14 13 17 
17 (5) : 7 16 13 12 18 
18 (5) : 7 17 12 11 19 
19 (5) : 7 18 11 10 20 
20 (5) : 7 19 10 9 8 

ID=104 

Graph Display(N=20)
vertex(degree) : list of neighbords in clockwise order

1 (5) : 2 3 4 5 6 
2 (8) : 1 6 7 8 9 10 11 3 
3 (5) : 1 2 11 12 4 
4 (5) : 1 3 12 13 5 
5 (5) : 1 4 13 14 6 
6 (6) : 1 5 14 15 7 2 
7 (5) : 2 6 15 16 8 
8 (5) : 2 7 16 17 9 
9 (5) : 2 8 17 18 10 
10 (6) : 2 9 18 14 19 11 
11 (5) : 2 10 19 12 3 
12 (5) : 3 11 19 13 4 
13 (5) : 4 12 19 14 5 
14 (8) : 5 13 19 10 18 20 15 6 
15 (5) : 6 14 20 16 7 
16 (5) : 7 15 20 17 8 
17 (5) : 8 16 20 18 9 
18 (5) : 9 17 20 14 10 
19 (5) : 10 14 13 12 11 
20 (5) : 14 18 17 16 15 

ID=109 

Graph Display(N=20)
vertex(degree) : list of neighbords in clockwise order

1 (5) : 2 3 4 5 6 
2 (7) : 1 6 7 8 9 10 3 
3 (5) : 1 2 10 11 4 
4 (5) : 1 3 11 12 5 
5 (5) : 1 4 12 13 6 
6 (7) : 1 5 13 14 15 7 2 
7 (5) : 2 6 15 16 8 
8 (5) : 2 7 16 17 9 
9 (5) : 2 8 17 18 10 
10 (7) : 2 9 18 14 19 11 3 
11 (5) : 3 10 19 12 4 
12 (5) : 4 11 19 13 5 
13 (5) : 5 12 19 14 6 
14 (7) : 6 13 19 10 18 20 15 
15 (5) : 6 14 20 16 7 
16 (5) : 7 15 20 17 8 
17 (5) : 8 16 20 18 9 
18 (5) : 9 17 20 14 10 
19 (5) : 10 14 13 12 11 
20 (5) : 14 18 17 16 15 

D disable on following MPG5 with 20 vertices

ID=99 

Graph Display(N=20)
vertex(degree) : list of neighbords in clockwise order

1 (5) : 2 3 4 5 6 
2 (5) : 1 6 7 8 3 
3 (5) : 1 2 8 9 4 
4 (9) : 1 3 9 10 11 12 13 14 5 
5 (5) : 1 4 14 15 6 
6 (5) : 1 5 15 7 2 
7 (9) : 2 6 15 16 17 18 19 20 8 
8 (5) : 2 7 20 9 3 
9 (5) : 3 8 20 10 4 
10 (5) : 4 9 20 19 11 
11 (5) : 4 10 19 18 12 
12 (5) : 4 11 18 17 13 
13 (5) : 4 12 17 16 14 
14 (5) : 4 13 16 15 5 
15 (5) : 5 14 16 7 6 
16 (5) : 7 15 14 13 17 
17 (5) : 7 16 13 12 18 
18 (5) : 7 17 12 11 19 
19 (5) : 7 18 11 10 20 
20 (5) : 7 19 10 9 8 

---------------------------------------------------------------------------------------
---------------------------------------------------------------------------------------


T^{-1} disable on following MPG5 with 21 vertices

ID=269 

Graph Display(N=21)
vertex(degree) : list of neighbords in clockwise order

1 (5) : 2 3 4 5 6 
2 (8) : 1 6 7 8 9 10 11 3 
3 (5) : 1 2 11 12 4 
4 (5) : 1 3 12 13 5 
5 (5) : 1 4 13 14 6 
6 (5) : 1 5 14 7 2 
7 (8) : 2 6 14 15 11 16 17 8 
8 (5) : 2 7 17 18 9 
9 (5) : 2 8 18 19 10 
10 (5) : 2 9 19 20 11 
11 (8) : 2 10 20 16 7 15 12 3 
12 (5) : 3 11 15 13 4 
13 (5) : 4 12 15 14 5 
14 (5) : 5 13 15 7 6 
15 (5) : 7 14 13 12 11 
16 (5) : 7 11 20 21 17 
17 (5) : 7 16 21 18 8 
18 (5) : 8 17 21 19 9 
19 (5) : 9 18 21 20 10 
20 (5) : 10 19 21 16 11 
21 (5) : 16 20 19 18 17 

D enable on all MPG5 with 21 vertices

---------------------------------------------------------------------------------------
---------------------------------------------------------------------------------------


T^{-1} disable on following MPG5 with 22 vertices

ID=736 

Graph Display(N=22)
vertex(degree) : list of neighbords in clockwise order

1 (5) : 2 3 4 5 6 
2 (5) : 1 6 7 8 3 
3 (5) : 1 2 8 9 4 
4 (10) : 1 3 9 10 11 12 13 14 15 5 
5 (5) : 1 4 15 16 6 
6 (5) : 1 5 16 7 2 
7 (10) : 2 6 16 17 18 19 20 21 22 8 
8 (5) : 2 7 22 9 3 
9 (5) : 3 8 22 10 4 
10 (5) : 4 9 22 21 11 
11 (5) : 4 10 21 20 12 
12 (5) : 4 11 20 19 13 
13 (5) : 4 12 19 18 14 
14 (5) : 4 13 18 17 15 
15 (5) : 4 14 17 16 5 
16 (5) : 5 15 17 7 6 
17 (5) : 7 16 15 14 18 
18 (5) : 7 17 14 13 19 
19 (5) : 7 18 13 12 20 
20 (5) : 7 19 12 11 21 
21 (5) : 7 20 11 10 22 
22 (5) : 7 21 10 9 8 

D disable on following MPG5 with 22 vertices

ID=495 

Graph Display(N=22)
vertex(degree) : list of neighbords in clockwise order

1 (5) : 2 3 4 5 6 
2 (7) : 1 6 7 8 9 10 3 
3 (5) : 1 2 10 11 4 
4 (8) : 1 3 11 12 13 14 15 5 
5 (5) : 1 4 15 16 6 
6 (5) : 1 5 16 7 2 
7 (5) : 2 6 16 17 8 
8 (5) : 2 7 17 18 9 
9 (5) : 2 8 18 19 10 
10 (5) : 2 9 19 11 3 
11 (5) : 3 10 19 12 4 
12 (5) : 4 11 19 18 13 
13 (5) : 4 12 18 20 14 
14 (5) : 4 13 20 21 15 
15 (5) : 4 14 21 16 5 
16 (7) : 5 15 21 22 17 7 6 
17 (5) : 7 16 22 18 8 
18 (8) : 8 17 22 20 13 12 19 9 
19 (5) : 9 18 12 11 10 
20 (5) : 13 18 22 21 14 
21 (5) : 14 20 22 16 15 
22 (5) : 16 21 20 18 17 

ID=736 

Graph Display(N=22)
vertex(degree) : list of neighbords in clockwise order

1 (5) : 2 3 4 5 6 
2 (5) : 1 6 7 8 3 
3 (5) : 1 2 8 9 4 
4 (10) : 1 3 9 10 11 12 13 14 15 5 
5 (5) : 1 4 15 16 6 
6 (5) : 1 5 16 7 2 
7 (10) : 2 6 16 17 18 19 20 21 22 8 
8 (5) : 2 7 22 9 3 
9 (5) : 3 8 22 10 4 
10 (5) : 4 9 22 21 11 
11 (5) : 4 10 21 20 12 
12 (5) : 4 11 20 19 13 
13 (5) : 4 12 19 18 14 
14 (5) : 4 13 18 17 15 
15 (5) : 4 14 17 16 5 
16 (5) : 5 15 17 7 6 
17 (5) : 7 16 15 14 18 
18 (5) : 7 17 14 13 19 
19 (5) : 7 18 13 12 20 
20 (5) : 7 19 12 11 21 
21 (5) : 7 20 11 10 22 
22 (5) : 7 21 10 9 8 

ID=798 

Graph Display(N=22)
vertex(degree) : list of neighbords in clockwise order

1 (5) : 2 3 4 5 6 
2 (10) : 1 6 7 8 9 10 11 12 13 3 
3 (5) : 1 2 13 14 4 
4 (5) : 1 3 14 15 5 
5 (5) : 1 4 15 16 6 
6 (5) : 1 5 16 7 2 
7 (5) : 2 6 16 17 8 
8 (5) : 2 7 17 18 9 
9 (5) : 2 8 18 19 10 
10 (5) : 2 9 19 20 11 
11 (5) : 2 10 20 16 12 
12 (5) : 2 11 16 21 13 
13 (5) : 2 12 21 14 3 
14 (5) : 3 13 21 15 4 
15 (5) : 4 14 21 16 5 
16 (10) : 5 15 21 12 11 20 22 17 7 6 
17 (5) : 7 16 22 18 8 
18 (5) : 8 17 22 19 9 
19 (5) : 9 18 22 20 10 
20 (5) : 10 19 22 16 11 
21 (5) : 12 16 15 14 13 
22 (5) : 16 20 19 18 17 

---------------------------------------------------------------------------------------
---------------------------------------------------------------------------------------


T^{-1} enable on all MPG5 with 23 vertices

D disable on following MPG5 with 23 vertices

ID=1564 

Graph Display(N=23)
vertex(degree) : list of neighbords in clockwise order

1 (5) : 2 3 4 5 6 
2 (8) : 1 6 7 8 9 10 11 3 
3 (5) : 1 2 11 12 4 
4 (6) : 1 3 12 13 14 5 
5 (5) : 1 4 14 15 6 
6 (5) : 1 5 15 7 2 
7 (5) : 2 6 15 16 8 
8 (5) : 2 7 16 17 9 
9 (5) : 2 8 17 18 10 
10 (5) : 2 9 18 19 11 
11 (5) : 2 10 19 12 3 
12 (5) : 3 11 19 13 4 
13 (5) : 4 12 19 20 14 
14 (5) : 4 13 20 15 5 
15 (8) : 5 14 20 21 22 16 7 6 
16 (5) : 7 15 22 17 8 
17 (6) : 8 16 22 23 18 9 
18 (5) : 9 17 23 19 10 
19 (8) : 10 18 23 21 20 13 12 11 
20 (5) : 13 19 21 15 14 
21 (5) : 15 20 19 23 22 
22 (5) : 15 21 23 17 16 
23 (5) : 17 22 21 19 18 

---------------------------------------------------------------------------------------
---------------------------------------------------------------------------------------


T^{-1} disable on following MPG5 with 24 vertices

ID=6860 

Graph Display(N=24)
vertex(degree) : list of neighbords in clockwise order

1 (5) : 2 3 4 5 6 
2 (5) : 1 6 7 8 3 
3 (5) : 1 2 8 9 4 
4 (11) : 1 3 9 10 11 12 13 14 15 16 5 
5 (5) : 1 4 16 17 6 
6 (5) : 1 5 17 7 2 
7 (11) : 2 6 17 18 19 20 21 22 23 24 8 
8 (5) : 2 7 24 9 3 
9 (5) : 3 8 24 10 4 
10 (5) : 4 9 24 23 11 
11 (5) : 4 10 23 22 12 
12 (5) : 4 11 22 21 13 
13 (5) : 4 12 21 20 14 
14 (5) : 4 13 20 19 15 
15 (5) : 4 14 19 18 16 
16 (5) : 4 15 18 17 5 
17 (5) : 5 16 18 7 6 
18 (5) : 7 17 16 15 19 
19 (5) : 7 18 15 14 20 
20 (5) : 7 19 14 13 21 
21 (5) : 7 20 13 12 22 
22 (5) : 7 21 12 11 23 
23 (5) : 7 22 11 10 24 
24 (5) : 7 23 10 9 8 

D disable on following MPG5 with 24 vertices

ID=6860 

Graph Display(N=24)
vertex(degree) : list of neighbords in clockwise order

1 (5) : 2 3 4 5 6 
2 (5) : 1 6 7 8 3 
3 (5) : 1 2 8 9 4 
4 (11) : 1 3 9 10 11 12 13 14 15 16 5 
5 (5) : 1 4 16 17 6 
6 (5) : 1 5 17 7 2 
7 (11) : 2 6 17 18 19 20 21 22 23 24 8 
8 (5) : 2 7 24 9 3 
9 (5) : 3 8 24 10 4 
10 (5) : 4 9 24 23 11 
11 (5) : 4 10 23 22 12 
12 (5) : 4 11 22 21 13 
13 (5) : 4 12 21 20 14 
14 (5) : 4 13 20 19 15 
15 (5) : 4 14 19 18 16 
16 (5) : 4 15 18 17 5 
17 (5) : 5 16 18 7 6 
18 (5) : 7 17 16 15 19 
19 (5) : 7 18 15 14 20 
20 (5) : 7 19 14 13 21 
21 (5) : 7 20 13 12 22 
22 (5) : 7 21 12 11 23 
23 (5) : 7 22 11 10 24 
24 (5) : 7 23 10 9 8 


---------------------------------------------------------------------------------------
---------------------------------------------------------------------------------------



